0.000
0.000
0.000
0.000
0.000
0.000
0.000
0.000
0.000
0.000
0.000
0.000
0.000
0.000
0.000
0.000
0.000
0.000
0.000
0.000
0.000
0.000
0.000
0.000
0.000
0.000
0.000
0.000
0.000
0.177
0.147
0.000
0.340
0.423
0.000
0.933
1.090
0.000
0.000
2.567
1.400
1.520
2.483
0.553
0.000
3.537
3.727
0.000
0.000
5.450
3.500
0.000
2.110
2.040
0.000
5.150
4.373
0.000
0.000
3.423
2.540
0.573
5.307
4.850
0.007
5.463
5.527
0.000
0.000
7.087
3.067
2.703
7.277
1.977
1.113
6.470
6.563
0.000
0.000
6.813
5.137
0.760
4.383
0.000
0.000
9.470
10.440
0.000
0.000
10.207
3.947
1.037
2.253
0.000
0.000
8.123
8.207
0.000
8.253
11.580
2.220
1.907
9.977
3.327
0.000
10.553
10.850
0.000
13.527
9.120
4.073
4.240
10.893
4.250
0.000
10.013
12.627
0.000
17.240
13.357
2.447
3.693
15.420
7.113
0.000
7.993
8.027
0.000
6.357
6.320
0.000
0.000
11.930
6.170
6.660
10.013
9.817
0.000
17.777
10.303
0.860
1.007
8.607
5.303
4.043
10.297
9.613
0.000
15.400
14.483
0.000
5.857
8.760
6.083
3.377
12.437
10.990
0.000
14.607
14.727
0.000
0.000
6.617
4.773
1.113
6.473
5.887
0.000
17.400
14.787
0.000
0.000
12.957
9.483
7.263
10.510
3.270
0.000
16.017
16.907
0.000
0.000
13.427
6.817
3.953
12.757
4.660
1.043
10.777
10.967
0.000
10.890
5.190
2.903
4.617
8.830
3.333
0.000
7.937
7.967
0.000
7.983
10.880
6.580
5.423
15.897
7.423
1.083
12.107
11.047
0.000
11.000
13.897
4.040
3.057
17.443
6.683
0.000
10.583
11.947
0.000
18.573
10.920
1.023
4.903
14.893
6.650
1.080
13.947
14.267
0.000
15.337
15.447
3.820
0.957
9.050
4.300
0.000
5.493
5.283
0.000
15.553
15.380
1.133
4.153
13.233
7.237
0.000
9.777
8.727
0.000
16.020
15.403
0.000
0.000
9.247
6.067
0.000
3.943
5.277
0.000
16.910
15.530
0.167
5.483
13.303
8.877
5.407
10.977
4.607
0.000
19.920
17.467
0.000
0.000
17.950
8.377
9.243
15.427
5.887
0.337
15.720
15.603
0.000
7.067
10.957
8.447
2.003
9.087
4.413
0.000
15.463
15.580
0.000
0.000
7.123
6.750
1.197
9.053
2.037
0.460
14.610
15.753
0.000
0.000
17.133
5.557
5.747
13.390
3.780
2.503
12.960
14.313
0.000
0.000
7.173
6.497
1.930
10.157
3.397
0.467
12.933
15.850
0.000
15.830
8.547
3.537
3.960
9.223
3.330
0.000
5.587
5.527
0.000
5.510
15.863
2.633
2.987
13.367
6.243
0.000
9.247
11.540
0.000
11.493
18.033
5.387
1.433
13.650
7.057
0.000
10.407
13.163
0.000
15.933
20.590
2.610
5.177
9.360
5.867
4.617
11.370
10.017
0.000
16.737
15.797
0.000
6.663
9.473
6.490
3.880
9.217
9.150
0.000
8.473
7.087
0.000
0.000
13.487
9.427
5.033
11.307
5.870
0.000
13.880
11.397
0.000
0.000
13.773
9.643
8.163
13.523
7.087
0.000
18.520
20.687
0.000
0.000
11.407
6.797
5.570
7.173
1.997
0.000
20.027
16.057
0.000
0.000
11.510
9.583
8.283
11.313
7.160
0.000
14.400
16.053
0.000
0.000
16.893
6.893
2.823
9.297
2.220
0.000
13.567
16.067
0.000
16.073
16.133
9.590
0.033
3.470
0.687
0.000
0.000
0.000
0.000
0.000
0.000
0.000
0.000
0.000
0.000
0.000
0.000
0.000
0.000
0.000
0.000
0.000
0.000
0.000
0.000
0.000
11.113
14.120
0.000
0.000
11.610
11.617
0.000
9.510
9.350
0.000
14.977
13.697
0.000
0.000
7.313
7.240
0.000
7.290
9.400
0.000
12.363
18.603
0.000
0.000
16.150
11.840
0.100
9.890
7.500
0.000
12.987
17.040
0.000
0.000
11.680
11.610
0.000
11.090
12.470
0.000
13.773
18.650
1.000
0.000
12.940
8.607
1.160
11.287
8.723
0.000
3.350
6.370
0.000
8.750
21.200
8.603
1.107
11.833
9.560
0.000
6.223
13.883
0.000
14.980
16.357
8.410
2.760
11.773
10.350
0.000
3.270
9.523
0.000
11.900
7.437
1.000
6.420
16.290
13.627
0.000
4.450
14.083
0.000
6.487
5.803
0.000
0.000
11.960
11.740
0.000
11.763
14.040
0.000
18.467
15.900
3.013
2.317
18.747
16.403
0.000
1.093
9.617
0.000
14.407
14.993
0.100
6.047
16.733
16.120
0.040
14.220
14.217
0.000
13.760
19.017
0.000
12.090
12.040
12.027
0.000
8.937
5.473
0.000
14.343
14.133
0.000
0.000
12.007
12.093
0.000
10.047
9.780
0.000
7.287
10.193
0.000
0.000
16.770
13.187
0.000
14.403
13.180
0.000
11.480
9.630
0.000
12.190
21.760
11.333
0.000
14.620
14.343
0.000
6.760
6.303
0.000
7.553
12.187
9.110
0.953
14.837
13.290
0.000
13.933
14.297
0.303
16.280
12.227
5.343
3.973
16.960
13.690
0.000
6.143
14.480
0.013
20.567
17.157
3.653
2.007
12.240
11.037
0.000
0.820
3.480
0.000
5.860
12.217
3.420
5.967
8.913
9.153
0.000
2.240
9.860
0.010
15.380
18.747
3.303
5.137
12.200
12.467
0.000
11.463
13.190
0.000
19.000
19.560
0.960
3.703
13.703
13.640
0.000
1.003
9.927
0.000
14.510
16.547
1.320
6.333
17.177
17.053
0.000
14.720
14.597
0.000
14.213
11.843
0.000
0.000
6.020
6.023
0.000
8.497
14.687
0.000
13.427
14.617
0.000
0.000
17.317
17.333
0.000
14.860
14.780
0.000
8.227
10.183
0.000
0.000
6.107
6.033
0.000
7.000
14.717
0.000
13.310
14.823
0.000
0.000
12.567
8.140
1.763
17.090
13.930
0.000
18.220
19.740
1.610
0.000
17.647
12.643
0.190
15.783
14.947
0.000
11.053
9.997
0.000
12.590
12.497
6.353
3.293
16.613
13.580
0.000
1.637
5.660
0.000
8.047
12.607
2.593
0.000
17.387
14.463
0.000
6.513
18.460
3.403
16.307
17.750
6.813
0.003
16.017
14.500
0.000
0.447
5.663
0.000
8.133
14.010
1.460
1.360
17.733
16.117
0.000
0.173
6.810
0.000
12.973
12.607
0.000
0.000
6.080
6.123
0.000
8.883
14.850
0.960
12.427
14.723
1.193
4.537
12.503
12.527
0.000
13.413
17.020
0.000
15.437
14.753
0.000
0.000
17.493
17.517
0.000
17.287
19.913
0.000
12.073
10.657
0.000
0.000
17.430
13.127
0.007
14.890
14.680
0.000
7.137
9.920
0.000
0.000
12.487
12.540
0.000
11.550
6.337
0.000
8.047
14.513
0.000
0.000
12.493
8.900
1.030
12.177
9.453
0.000
6.933
14.450
0.147
16.383
16.940
7.057
0.003
19.450
19.343
0.000
11.733
9.607
0.000
12.033
7.510
4.543
2.277
15.970
13.160
0.000
2.987
9.523
0.000
11.797
16.343
5.120
0.837
16.083
13.697
0.000
5.003
15.487
0.000
10.910
11.453
4.727
3.537
15.630
14.000
0.000
3.137
13.087
1.707
16.313
5.337
0.000
0.000
0.000
0.000
0.000
0.000
0.000
0.000
0.000
0.000
0.000
0.000
0.000
0.000
0.000
0.000
0.000
0.000
0.000
0.000
0.000
0.000
12.463
13.627
1.140
2.073
7.740
2.447
0.000
8.360
6.743
0.000
12.533
12.607
0.000
4.160
3.850
1.393
3.170
7.050
3.343
0.280
14.963
14.717
0.000
8.557
9.273
3.510
8.277
7.430
4.237
0.000
12.147
12.057
0.000
5.170
5.627
3.060
2.650
6.147
2.383
0.010
11.277
11.073
0.000
0.000
5.280
2.537
1.900
4.363
0.003
0.677
3.737
3.660
0.000
3.840
7.750
0.907
3.853
5.443
0.637
0.003
6.030
5.843
0.000
0.000
4.763
1.603
1.147
2.787
0.000
0.633
3.337
3.260
0.000
3.113
1.753
0.527
2.027
3.247
0.477
0.000
3.437
3.203
0.000
3.650
0.967
0.000
0.573
1.453
0.087
0.000
2.200
2.217
0.000
1.913
1.670
0.187
0.253
1.093
0.230
0.000
0.460
0.310
0.000
0.197
0.243
0.000
0.000
0.037
0.000
0.000
0.000
0.000
0.000
0.000
0.000
0.000
0.000
0.000
0.000
0.000
0.000
0.000
0.000
0.000
0.000
0.000
0.000
0.000
0.000
0.000
0.000
0.000
0.000
0.000
0.000
0.000
0.000
0.000
0.000
0.000
0.000
0.000
0.000
0.000
0.000
0.000
0.000
0.000
0.000
0.000
0.000
0.000
0.000
0.000
0.000
0.000
0.000
0.000
0.000
0.000
0.000
0.000
0.000
0.000
0.000
0.000
0.000
0.000
0.000
0.000
0.000
0.000
0.000
0.000
0.000
0.000
0.000
0.000
0.000
0.000
